000000001
000000010
000001110
000111000
000000001
000001110
000111000
000000001
000011000
001100000
000001110
000111000
000000001
000000001
000011000
001001000
000001110
000111000
000000001
000000001
000011000
001111000
000001110
000111000
000000001
000000001
000011000
001110010
000001110
000111000
000000001
000000001
000011000
001101010
000001110
000111000
000000001
000000001
000011000
001101001
000001110
000111000
000000001
000000001
000011000
001011100
000001110
000111000
000000001
000000001
000011000
001111110
000001110
000111000
000000001
000000001
000011000
001111011
000001110
000111000
000000001
000000001
000000010
000010100
001000000
001111000
000000000
000000011
000000001
000010100
000000001
000011000
000000001
000001100
000000001
000000010
000110000
000111000
000000001
000000001
000000110
000000100
000000010
000000001
000001110
000000010
000110100
000000000
000111000
000000001
000000101
000000001
000011000
001000000
000010000
000001101
000000000
000000010
000110000
000000001
000000110
001111100
000000010
000001000
111110000
111010100
000000010
000000001
000000110
000111000
000001001
000001000
111000000
111100100
000000001
000000010
000001101
011110000
000010100
001000000
001111000
000000000
000000011
000000001
000011000
001000000
000010000
000001101
011110000
000000010
000110000
000000001
000000110
001111100
000000101
000000010
000110100
011110000
000001110
000111000
000000001
000000001
000011000
010000000
000001000
110100000
111101001
000001111
