000000000
000000100
000000101
000000000
000010100
100000000
001111000
000100000
110010000
000000010
100000000
000000100
000000000
000011000
000000001
000010000
100000000
011110001
000000000
001111000
000100000
000001101
101000000
000001101
101000001
000000000
000000100
000000101
000010100
101000001
000010000
000101000
101000001
110010000
000000010
100000000
000000011
000000000
000011000
000100000
000000000
000110000
000000100
000010100
101000001
000100000
101000000
000001101
100000000
000000100
000011000
100000001
000010100
101000001
000110000
000011000
101000000
000001000
111100000
000000100
000001101
101000001
110000000
011011001
000000000
001011000
110000000
000110000
000010100
100000000
010000000
001010000
000001000
000000100
000000101
000010100
100000000
000110000
000000100
000000000
000000000
000000101
000110000
000000100
000000000
000001101
001000000
000000000
000000000
000000000
000000100
000010100
100000000
000110000
000000110
000000000
000010100
100000000
010000000
001010000
000001000
000000100
000000101
000010100
100000000
000110000
000000110
000000000
000010100
100000000
111100000
000000101
000011000
110000000
000000101
000110000
000000100
000000000
000001101
001000000
000011000
100000001
000000101
000110000
000011000
101000000
000001000
111100000
000000100
000001101
100000000
110000000
011010100
000000000
000001111